0 0.105729 0.928704 0.033333 0.053704
0 0.106771 0.487963 0.030729 0.048148
0 0.122917 0.058333 0.031771 0.051852
0 0.257292 0.926852 0.030208 0.053704
0 0.259375 0.493519 0.027604 0.050926
0 0.263021 0.056481 0.032292 0.053704
0 0.404167 0.927778 0.029167 0.05463
0 0.405729 0.493519 0.026562 0.051852
0 0.413021 0.062037 0.028125 0.049074
0 0.560417 0.925 0.030208 0.057407
0 0.565625 0.490741 0.026562 0.051852
0 0.558854 0.065741 0.027604 0.053704
0 0.706771 0.92963 0.030208 0.055556
0 0.705729 0.494444 0.029167 0.051852
0 0.703125 0.062963 0.03125 0.057407
2 0.947917 0.477778 0.051562 0.027778