0 0.105208 0.927778 0.027604 0.042593
0 0.106771 0.491667 0.026042 0.039815
0 0.114062 0.062963 0.025 0.037963
0 0.259896 0.932407 0.023438 0.037963
0 0.254167 0.491667 0.024479 0.036111
0 0.258854 0.059259 0.026042 0.044444
0 0.403646 0.927778 0.023958 0.044444
0 0.401562 0.491667 0.020313 0.038889
0 0.408854 0.062037 0.022917 0.044444
0 0.547917 0.932407 0.022396 0.047222
0 0.560937 0.491667 0.020833 0.039815
0 0.548958 0.062037 0.021875 0.039815
0 0.700521 0.930556 0.026562 0.04537
0 0.7 0.499074 0.021875 0.036111
0 0.701562 0.061111 0.023438 0.043519
2 0.948438 0.47963 0.051042 0.028704