0 0.110417 0.930556 0.033333 0.055556
0 0.107813 0.491667 0.033854 0.049074
0 0.119792 0.061111 0.034896 0.055556
0 0.258854 0.92963 0.032813 0.055556
0 0.259375 0.492593 0.032292 0.052778
0 0.2625 0.059259 0.033333 0.060185
0 0.404687 0.932407 0.030208 0.058333
0 0.403125 0.488889 0.025521 0.05
0 0.411458 0.062963 0.028125 0.05463
0 0.560937 0.925926 0.029687 0.058333
0 0.565625 0.492593 0.027604 0.053704
0 0.561979 0.067593 0.029687 0.055556
0 0.70625 0.92963 0.03125 0.057407
0 0.704167 0.496296 0.032292 0.05463
0 0.701562 0.065741 0.03125 0.056481
2 0.947917 0.477778 0.052083 0.025926