0 0.102083 0.930556 0.025 0.039815
0 0.109375 0.493519 0.027083 0.049074
0 0.124479 0.057407 0.035937 0.055556
0 0.265104 0.930556 0.032292 0.059259
0 0.259375 0.492593 0.029167 0.053704
0 0.258333 0.058333 0.025 0.044444
0 0.406771 0.92963 0.027083 0.058333
0 0.402083 0.493519 0.020833 0.037963
0 0.413021 0.062963 0.032813 0.062963
0 0.555729 0.928704 0.022396 0.04537
0 0.564063 0.492593 0.033333 0.060185
0 0.559375 0.066667 0.028646 0.049074
0 0.707292 0.934259 0.036458 0.063889
0 0.70625 0.496296 0.028646 0.05
0 0.702604 0.063889 0.024479 0.04537
2 0.948438 0.47963 0.052083 0.028704