0 0.10625 0.930556 0.024479 0.040741
0 0.1125 0.492593 0.033854 0.04537
0 0.119792 0.059259 0.036458 0.055556
0 0.259896 0.932407 0.031771 0.057407
0 0.259375 0.493519 0.030208 0.053704
0 0.258854 0.059259 0.026042 0.044444
0 0.406771 0.932407 0.028646 0.058333
0 0.402604 0.493519 0.021354 0.038889
0 0.4125 0.064815 0.030729 0.060185
0 0.555208 0.92963 0.022917 0.043519
0 0.564583 0.494444 0.033854 0.061111
0 0.558333 0.064815 0.028125 0.056481
0 0.707812 0.934259 0.0375 0.065741
0 0.70625 0.497222 0.028646 0.050926
0 0.701562 0.062963 0.026042 0.048148
2 0.948438 0.478704 0.052604 0.027778