0 0.109375 0.934259 0.034896 0.063889
0 0.113021 0.491667 0.035417 0.057407
0 0.123438 0.062963 0.040625 0.066667
0 0.265104 0.931481 0.034896 0.058333
0 0.258333 0.492593 0.034896 0.055556
0 0.264583 0.063889 0.032813 0.053704
0 0.409896 0.92963 0.034375 0.065741
0 0.404167 0.494444 0.03125 0.060185
0 0.415104 0.064815 0.031771 0.061111
0 0.561458 0.928704 0.028646 0.059259
0 0.564063 0.493519 0.027604 0.05463
0 0.558854 0.07037 0.029687 0.060185
0 0.714063 0.930556 0.033854 0.060185
0 0.70625 0.498148 0.033333 0.058333
0 0.70625 0.065741 0.032292 0.058333
2 0.948438 0.47963 0.052083 0.026852