0 0.105208 0.92963 0.026042 0.043519
0 0.107813 0.493519 0.026562 0.039815
0 0.115625 0.061111 0.027083 0.043519
0 0.259896 0.931481 0.022917 0.040741
0 0.254167 0.492593 0.023438 0.038889
0 0.257812 0.060185 0.027083 0.047222
0 0.405208 0.930556 0.024479 0.046296
0 0.401042 0.491667 0.019792 0.038889
0 0.408854 0.062963 0.023958 0.046296
0 0.547917 0.931481 0.023438 0.047222
0 0.560417 0.492593 0.022917 0.038889
0 0.550521 0.065741 0.023958 0.041667
0 0.701042 0.933333 0.026042 0.04537
0 0.7 0.498148 0.021875 0.037037
0 0.701562 0.060185 0.026042 0.046296
2 0.948958 0.478704 0.051562 0.028704