0 0.113021 0.932407 0.041146 0.067593
0 0.113542 0.491667 0.038542 0.060185
0 0.120833 0.062037 0.044271 0.07037
0 0.265104 0.933333 0.038021 0.063889
0 0.260417 0.496296 0.034375 0.061111
0 0.265104 0.059259 0.036979 0.062963
0 0.409896 0.930556 0.034375 0.068519
0 0.404167 0.492593 0.03125 0.060185
0 0.415104 0.062963 0.032292 0.064815
0 0.561458 0.92963 0.031771 0.066667
0 0.565104 0.492593 0.029167 0.056481
0 0.558854 0.069444 0.032292 0.063889
0 0.714063 0.931481 0.034896 0.061111
0 0.706771 0.498148 0.030208 0.05463
0 0.705729 0.066667 0.035417 0.067593
2 0.948438 0.47963 0.050521 0.025926