1 0.102604 0.933333 0.038021 0.062037
0 0.110417 0.491667 0.033854 0.04537
0 0.125 0.057407 0.035417 0.053704
0 0.265104 0.92963 0.031771 0.059259
0 0.258854 0.492593 0.029167 0.051852
0 0.258333 0.058333 0.025 0.044444
0 0.407813 0.92963 0.026562 0.058333
1 0.407813 0.493519 0.032292 0.060185
0 0.413021 0.063889 0.032813 0.060185
0 0.555208 0.928704 0.021875 0.044444
0 0.564063 0.493519 0.033333 0.060185
0 0.558854 0.065741 0.028125 0.051852
0 0.707292 0.933333 0.036458 0.063889
0 0.705729 0.49537 0.027604 0.050926
1 0.707292 0.062963 0.036458 0.062963
2 0.948958 0.478704 0.051042 0.027778