0 0.108854 0.932407 0.033333 0.060185
0 0.113021 0.492593 0.033854 0.053704
0 0.122917 0.063889 0.039062 0.063889
0 0.264583 0.933333 0.033333 0.058333
0 0.264062 0.064815 0.03125 0.049074
0 0.257812 0.493519 0.034375 0.05463
0 0.410938 0.92963 0.030729 0.060185
0 0.404687 0.492593 0.029687 0.056481
0 0.415104 0.065741 0.032292 0.061111
0 0.561979 0.930556 0.028646 0.055556
0 0.563542 0.492593 0.027604 0.053704
0 0.558333 0.07037 0.028646 0.058333
0 0.714063 0.930556 0.032813 0.057407
0 0.706771 0.497222 0.031771 0.05463
0 0.705729 0.065741 0.030729 0.056481
2 0.947917 0.47963 0.051042 0.026852