0 0.105729 0.931481 0.023438 0.041667
0 0.1125 0.490741 0.034375 0.048148
0 0.120313 0.059259 0.035937 0.055556
0 0.261458 0.933333 0.032813 0.060185
0 0.259375 0.493519 0.030729 0.053704
0 0.258854 0.059259 0.025521 0.042593
0 0.407292 0.932407 0.028646 0.060185
0 0.402083 0.493519 0.020833 0.038889
0 0.4125 0.063889 0.030729 0.057407
0 0.555208 0.92963 0.025 0.044444
0 0.564063 0.49537 0.034896 0.060185
0 0.558333 0.065741 0.029167 0.056481
0 0.707812 0.934259 0.038021 0.066667
0 0.70625 0.49537 0.028646 0.051852
0 0.702604 0.064815 0.025521 0.048148
2 0.947917 0.478704 0.052083 0.026852