0 0.113021 0.931481 0.039583 0.063889
0 0.113542 0.492593 0.038542 0.058333
0 0.121354 0.061111 0.043229 0.07037
0 0.265104 0.932407 0.038021 0.062963
0 0.260417 0.494444 0.034375 0.061111
0 0.265625 0.059259 0.036979 0.060185
0 0.410938 0.92963 0.040625 0.063889
0 0.404167 0.492593 0.030729 0.058333
0 0.415104 0.063889 0.034375 0.065741
0 0.561979 0.928704 0.029687 0.064815
0 0.563542 0.492593 0.029167 0.057407
0 0.558333 0.068519 0.030729 0.062037
0 0.714063 0.930556 0.035417 0.062037
0 0.70625 0.498148 0.034375 0.058333
0 0.70625 0.065741 0.034896 0.062963
2 0.947396 0.47963 0.051562 0.024074