1 0.103125 0.932407 0.039583 0.062963
0 0.110937 0.491667 0.033854 0.04537
0 0.124479 0.057407 0.034896 0.05463
0 0.265625 0.92963 0.031771 0.060185
0 0.259375 0.492593 0.030729 0.051852
0 0.259375 0.058333 0.026562 0.042593
0 0.407813 0.92963 0.027604 0.058333
1 0.407813 0.492593 0.033333 0.060185
0 0.413542 0.063889 0.032813 0.059259
0 0.555729 0.928704 0.023438 0.044444
0 0.564063 0.492593 0.033333 0.060185
0 0.558854 0.066667 0.028646 0.052778
0 0.707812 0.933333 0.036979 0.065741
0 0.705729 0.49537 0.028646 0.050926
1 0.707292 0.062037 0.035937 0.062963
2 0.948438 0.478704 0.050521 0.027778