0 0.105729 0.930556 0.026042 0.043519
0 0.107813 0.494444 0.027604 0.044444
0 0.115104 0.061111 0.027083 0.04537
0 0.260417 0.931481 0.023438 0.040741
0 0.253125 0.493519 0.025 0.040741
0 0.258854 0.059259 0.027604 0.048148
0 0.405729 0.931481 0.025521 0.047222
0 0.401042 0.492593 0.021875 0.038889
0 0.408854 0.062963 0.025 0.046296
0 0.547917 0.930556 0.023438 0.047222
0 0.560417 0.492593 0.024479 0.040741
0 0.55 0.064815 0.023438 0.04537
0 0.701042 0.933333 0.025 0.044444
0 0.699479 0.498148 0.023438 0.036111
0 0.701562 0.061111 0.026042 0.044444
2 0.948438 0.480556 0.051562 0.027778