0 0.105729 0.928704 0.031771 0.05463
0 0.106771 0.488889 0.030729 0.049074
0 0.123958 0.058333 0.032813 0.05
0 0.258333 0.926852 0.030729 0.05463
0 0.260417 0.493519 0.030729 0.051852
0 0.2625 0.057407 0.03125 0.055556
0 0.404167 0.926852 0.027604 0.053704
0 0.405208 0.493519 0.026042 0.047222
0 0.414062 0.062037 0.027604 0.050926
0 0.560937 0.924074 0.029687 0.057407
0 0.565104 0.491667 0.026562 0.051852
0 0.558333 0.064815 0.027604 0.056481
0 0.707292 0.930556 0.029687 0.056481
0 0.705208 0.49537 0.030208 0.052778
0 0.703125 0.062963 0.03125 0.057407
2 0.947396 0.478704 0.051562 0.028704