0 0.103646 0.928704 0.025 0.040741
0 0.106771 0.491667 0.025 0.038889
0 0.115104 0.062963 0.025521 0.037037
0 0.260417 0.932407 0.022396 0.037037
0 0.253646 0.490741 0.023438 0.037037
0 0.258854 0.060185 0.026562 0.043519
0 0.404167 0.927778 0.024479 0.046296
0 0.401562 0.490741 0.019792 0.038889
0 0.408854 0.062037 0.023438 0.042593
0 0.547396 0.930556 0.022917 0.04537
0 0.560937 0.491667 0.021354 0.038889
0 0.55 0.062037 0.021354 0.039815
0 0.700521 0.931481 0.025 0.044444
0 0.7 0.497222 0.021875 0.033333
0 0.702604 0.060185 0.025521 0.043519
2 0.947396 0.478704 0.051042 0.02963