0 0.110417 0.930556 0.035417 0.055556
0 0.107813 0.490741 0.033333 0.05
0 0.11875 0.061111 0.033333 0.052778
0 0.258854 0.930556 0.033333 0.057407
0 0.259375 0.491667 0.030729 0.05
0 0.263021 0.059259 0.033854 0.060185
0 0.404687 0.931481 0.03125 0.057407
0 0.403646 0.489815 0.025521 0.050926
0 0.411979 0.063889 0.028646 0.056481
0 0.560417 0.925926 0.029167 0.057407
0 0.565625 0.492593 0.027604 0.051852
0 0.561979 0.067593 0.029687 0.053704
0 0.70625 0.930556 0.03125 0.057407
0 0.704688 0.496296 0.031771 0.053704
0 0.701042 0.066667 0.03125 0.058333
2 0.947396 0.478704 0.051042 0.027778