0 0.102083 0.930556 0.024479 0.039815
0 0.110417 0.493519 0.029687 0.04537
0 0.124479 0.058333 0.035937 0.05463
0 0.266146 0.92963 0.033854 0.061111
0 0.259375 0.492593 0.029687 0.051852
0 0.258854 0.058333 0.024479 0.044444
0 0.407292 0.92963 0.027083 0.059259
0 0.402083 0.492593 0.020833 0.037037
0 0.413021 0.062963 0.031771 0.062963
0 0.555208 0.92963 0.021875 0.044444
0 0.564063 0.493519 0.034375 0.060185
0 0.558854 0.067593 0.027083 0.050926
0 0.707292 0.933333 0.0375 0.063889
0 0.70625 0.496296 0.029167 0.052778
0 0.702604 0.063889 0.024479 0.047222
2 0.948958 0.47963 0.051562 0.028704