1 0.102604 0.933333 0.038542 0.063889
0 0.110937 0.492593 0.033854 0.048148
0 0.125 0.057407 0.036458 0.056481
0 0.265625 0.92963 0.032813 0.060185
0 0.258854 0.492593 0.030208 0.052778
0 0.259375 0.058333 0.025 0.044444
0 0.407813 0.92963 0.027604 0.060185
1 0.407292 0.492593 0.032292 0.058333
0 0.413542 0.063889 0.032813 0.061111
0 0.55625 0.928704 0.023438 0.044444
0 0.564063 0.493519 0.033333 0.060185
0 0.558854 0.064815 0.027604 0.05
0 0.707292 0.933333 0.036458 0.065741
0 0.705729 0.494444 0.029687 0.05
1 0.707292 0.062963 0.034896 0.062963
2 0.947917 0.47963 0.053125 0.026852