0 0.109896 0.932407 0.0375 0.062037
0 0.113542 0.492593 0.034896 0.058333
0 0.122917 0.062037 0.040625 0.064815
0 0.264062 0.932407 0.035417 0.060185
0 0.257292 0.492593 0.034375 0.057407
0 0.264583 0.064815 0.032292 0.051852
0 0.410417 0.930556 0.032292 0.063889
0 0.404167 0.493519 0.030208 0.058333
0 0.414583 0.063889 0.030208 0.059259
0 0.561979 0.927778 0.028646 0.059259
0 0.563542 0.492593 0.027083 0.055556
0 0.558333 0.069444 0.030208 0.060185
0 0.714063 0.930556 0.033333 0.058333
0 0.70625 0.496296 0.033333 0.055556
0 0.70625 0.065741 0.032813 0.058333
2 0.948438 0.478704 0.051562 0.027778