0 0.102604 0.930556 0.025521 0.041667
0 0.109896 0.493519 0.027604 0.04537
0 0.124479 0.057407 0.035937 0.053704
0 0.266146 0.92963 0.032813 0.059259
0 0.259896 0.493519 0.029687 0.052778
0 0.258333 0.059259 0.024479 0.04537
0 0.406771 0.92963 0.027083 0.059259
0 0.402604 0.492593 0.021354 0.038889
0 0.4125 0.063889 0.032292 0.062037
0 0.555208 0.92963 0.022917 0.04537
0 0.564063 0.493519 0.033333 0.059259
0 0.558854 0.066667 0.028646 0.051852
0 0.707292 0.933333 0.0375 0.065741
0 0.70625 0.49537 0.028646 0.053704
0 0.702083 0.062963 0.025 0.046296
2 0.948438 0.47963 0.053125 0.028704