0 0.105208 0.92963 0.026042 0.042593
0 0.107813 0.493519 0.026562 0.039815
0 0.114583 0.060185 0.025 0.042593
0 0.259896 0.931481 0.023438 0.040741
0 0.253646 0.491667 0.023438 0.039815
0 0.258333 0.059259 0.025521 0.048148
0 0.405208 0.930556 0.024479 0.044444
0 0.401562 0.492593 0.019792 0.039815
0 0.408854 0.063889 0.024479 0.04537
0 0.547917 0.931481 0.022917 0.047222
0 0.560417 0.492593 0.022917 0.038889
0 0.549479 0.064815 0.022396 0.043519
0 0.700521 0.933333 0.026042 0.046296
0 0.7 0.499074 0.021875 0.036111
0 0.701562 0.062037 0.026562 0.04537
2 0.947396 0.47963 0.051042 0.026852