0 0.105208 0.927778 0.027604 0.040741
0 0.106771 0.490741 0.026042 0.038889
0 0.114583 0.062037 0.025521 0.037037
0 0.259375 0.930556 0.023438 0.037037
0 0.254167 0.490741 0.022396 0.036111
0 0.258333 0.059259 0.026042 0.044444
0 0.404167 0.928704 0.023958 0.04537
0 0.402083 0.490741 0.020313 0.037037
0 0.408854 0.062037 0.021875 0.041667
0 0.547396 0.931481 0.022396 0.048148
0 0.560937 0.492593 0.021354 0.038889
0 0.549479 0.061111 0.021875 0.038889
0 0.700521 0.931481 0.025521 0.047222
0 0.7 0.498148 0.021875 0.036111
0 0.701562 0.061111 0.022917 0.041667
2 0.948958 0.478704 0.049479 0.027778