0 0.105729 0.928704 0.032813 0.053704
0 0.106771 0.488889 0.03125 0.047222
0 0.122396 0.057407 0.030208 0.053704
0 0.257812 0.926852 0.03125 0.053704
0 0.259375 0.492593 0.028125 0.05
0 0.263021 0.057407 0.031771 0.05463
0 0.403646 0.927778 0.028125 0.053704
0 0.40625 0.492593 0.026562 0.047222
0 0.413542 0.062037 0.028125 0.05
0 0.560417 0.925926 0.029167 0.058333
0 0.565104 0.492593 0.027083 0.052778
0 0.558333 0.065741 0.026042 0.053704
0 0.707292 0.92963 0.029167 0.055556
0 0.705729 0.49537 0.029167 0.050926
0 0.703646 0.062963 0.030729 0.056481
2 0.948438 0.478704 0.051562 0.028704