0 0.107292 0.932407 0.026562 0.041667
0 0.111979 0.492593 0.034375 0.050926
0 0.119271 0.059259 0.034375 0.053704
0 0.259375 0.932407 0.03125 0.058333
0 0.258854 0.493519 0.03125 0.052778
0 0.258854 0.059259 0.024479 0.046296
0 0.406771 0.931481 0.028125 0.058333
0 0.402604 0.492593 0.021354 0.038889
0 0.4125 0.063889 0.031771 0.057407
0 0.555208 0.92963 0.022396 0.044444
0 0.564063 0.494444 0.033854 0.062037
0 0.558333 0.065741 0.028125 0.055556
0 0.708333 0.933333 0.036979 0.067593
0 0.70625 0.496296 0.028125 0.052778
0 0.702083 0.063889 0.025 0.048148
2 0.947917 0.47963 0.051562 0.02963