0 0.113542 0.931481 0.040104 0.066667
0 0.113542 0.492593 0.035937 0.058333
0 0.121354 0.061111 0.043229 0.068519
0 0.264583 0.932407 0.036458 0.061111
0 0.259896 0.494444 0.032292 0.060185
0 0.265104 0.059259 0.033854 0.061111
0 0.410938 0.930556 0.032813 0.065741
0 0.404167 0.492593 0.030729 0.059259
0 0.415104 0.063889 0.033333 0.064815
0 0.561458 0.92963 0.029167 0.062037
0 0.564063 0.493519 0.028125 0.056481
0 0.558333 0.068519 0.031771 0.062963
0 0.714583 0.932407 0.033854 0.060185
0 0.70625 0.498148 0.033333 0.058333
0 0.70625 0.065741 0.034375 0.062037
2 0.948438 0.478704 0.052604 0.027778