0 0.110937 0.931481 0.033854 0.05463
0 0.108333 0.491667 0.034375 0.051852
0 0.118229 0.062037 0.03125 0.052778
0 0.258854 0.930556 0.033333 0.056481
0 0.259375 0.490741 0.031771 0.048148
0 0.263021 0.058333 0.033333 0.058333
0 0.404687 0.931481 0.029167 0.055556
0 0.403125 0.489815 0.026042 0.049074
0 0.411979 0.063889 0.028125 0.052778
0 0.560937 0.925926 0.029687 0.056481
0 0.565625 0.493519 0.028125 0.052778
0 0.5625 0.067593 0.029687 0.053704
0 0.706771 0.930556 0.030729 0.056481
0 0.704688 0.49537 0.032292 0.053704
0 0.702083 0.065741 0.030729 0.055556
2 0.947396 0.478704 0.052083 0.027778