1 0.105729 0.937037 0.038542 0.063889
0 0.110417 0.492593 0.033854 0.049074
0 0.115625 0.058333 0.032813 0.053704
0 0.265104 0.932407 0.033854 0.061111
0 0.259896 0.494444 0.030208 0.051852
0 0.258854 0.058333 0.025 0.047222
0 0.408333 0.932407 0.028125 0.059259
1 0.407813 0.493519 0.032292 0.059259
0 0.413021 0.062037 0.032292 0.062963
0 0.555729 0.92963 0.021875 0.042593
0 0.564583 0.494444 0.033854 0.062037
0 0.559896 0.064815 0.027604 0.056481
0 0.708333 0.933333 0.036458 0.066667
0 0.706771 0.496296 0.028646 0.050926
1 0.706771 0.063889 0.035417 0.065741
0 0.033854 0.70463 0.048438 0.068519
0 0.026042 0.351852 0.031771 0.042593
0 0.228125 0.676852 0.029687 0.051852
1 0.145313 0.112963 0.055208 0.090741
0 0.372396 0.59537 0.044792 0.07037
0 0.397396 0.392593 0.036458 0.061111
1 0.559375 0.688889 0.041667 0.073148
0 0.545312 0.19537 0.027604 0.05
0 0.783333 0.837963 0.049479 0.086111
0 0.707812 0.20463 0.025 0.046296
2 0.947917 0.478704 0.051562 0.027778