1 0.102604 0.933333 0.039583 0.062963
0 0.110417 0.490741 0.033854 0.046296
0 0.119792 0.058333 0.032813 0.05463
0 0.265104 0.931481 0.033333 0.060185
0 0.260417 0.494444 0.03125 0.05463
0 0.258854 0.057407 0.025 0.04537
0 0.407813 0.930556 0.028125 0.059259
1 0.407813 0.491667 0.032292 0.059259
0 0.413542 0.063889 0.032813 0.062037
0 0.55625 0.930556 0.022396 0.043519
0 0.564583 0.493519 0.034375 0.061111
0 0.560417 0.064815 0.028646 0.052778
0 0.707812 0.934259 0.036458 0.065741
0 0.70625 0.49537 0.029167 0.051852
1 0.707812 0.064815 0.035937 0.063889
0 0.031771 0.700926 0.047917 0.068519
0 0.026562 0.35 0.03125 0.046296
0 0.228125 0.675 0.030729 0.050926
1 0.145313 0.111111 0.053646 0.088889
0 0.371875 0.593519 0.044792 0.068519
0 0.397917 0.391667 0.035417 0.059259
1 0.558854 0.686111 0.040625 0.074074
0 0.545312 0.194444 0.027604 0.049074
0 0.782813 0.837963 0.05 0.084259
0 0.707812 0.202778 0.025 0.046296
2 0.947917 0.47963 0.053125 0.027778