1 0.10625 0.936111 0.040104 0.064815
0 0.110417 0.491667 0.033854 0.046296
0 0.115625 0.059259 0.03125 0.052778
0 0.265104 0.932407 0.033333 0.061111
0 0.259896 0.494444 0.030208 0.053704
0 0.258854 0.057407 0.026042 0.046296
0 0.408854 0.931481 0.028646 0.058333
1 0.407813 0.493519 0.033333 0.058333
0 0.413021 0.063889 0.031771 0.061111
0 0.55625 0.930556 0.022396 0.044444
0 0.564583 0.493519 0.034375 0.061111
0 0.559896 0.064815 0.028125 0.056481
0 0.707812 0.934259 0.036458 0.064815
0 0.706771 0.49537 0.027604 0.051852
1 0.706771 0.064815 0.036458 0.065741
0 0.033333 0.703704 0.047917 0.069444
0 0.026562 0.351852 0.032813 0.044444
0 0.228125 0.676852 0.03125 0.050926
0 0.145313 0.113889 0.053646 0.089815
0 0.371875 0.59537 0.044271 0.069444
0 0.397917 0.392593 0.035417 0.059259
1 0.559375 0.688889 0.041146 0.075
0 0.545312 0.19537 0.027083 0.050926
0 0.783854 0.838889 0.049479 0.084259
0 0.708333 0.202778 0.025521 0.046296
2 0.948438 0.47963 0.052083 0.026852