1 0.102604 0.934259 0.039062 0.063889
0 0.110417 0.489815 0.033333 0.048148
0 0.119792 0.059259 0.031771 0.052778
0 0.265104 0.930556 0.032813 0.061111
0 0.260417 0.492593 0.030729 0.053704
0 0.259375 0.058333 0.026562 0.046296
0 0.408333 0.931481 0.026562 0.056481
1 0.407813 0.492593 0.032292 0.059259
0 0.413542 0.062963 0.032813 0.060185
0 0.555729 0.92963 0.021875 0.044444
0 0.564063 0.493519 0.034375 0.060185
0 0.559896 0.065741 0.027604 0.051852
0 0.708333 0.933333 0.036458 0.064815
0 0.70625 0.49537 0.029167 0.05
1 0.707292 0.064815 0.035417 0.062037
0 0.031771 0.701852 0.047917 0.068519
0 0.027604 0.349074 0.032292 0.046296
0 0.227604 0.674074 0.030208 0.051852
1 0.145313 0.112037 0.054167 0.088889
0 0.372396 0.592593 0.044792 0.066667
0 0.397396 0.392593 0.035417 0.059259
1 0.558854 0.686111 0.041667 0.07037
0 0.544792 0.194444 0.026562 0.048148
0 0.782813 0.837037 0.048958 0.084259
0 0.708333 0.202778 0.024479 0.047222
2 0.947917 0.47963 0.053125 0.026852