1 0.102083 0.934259 0.038542 0.063889
0 0.110417 0.491667 0.034375 0.046296
0 0.11875 0.058333 0.03125 0.052778
0 0.264583 0.931481 0.032292 0.060185
0 0.260417 0.492593 0.029167 0.052778
0 0.259375 0.059259 0.027083 0.046296
0 0.408333 0.931481 0.027604 0.058333
1 0.407813 0.492593 0.032292 0.060185
0 0.413542 0.062963 0.032813 0.060185
0 0.55625 0.92963 0.023438 0.044444
0 0.564583 0.493519 0.033854 0.061111
0 0.559896 0.064815 0.027604 0.051852
0 0.707812 0.933333 0.036458 0.064815
0 0.70625 0.49537 0.030208 0.05
1 0.707292 0.064815 0.035417 0.062963
0 0.031771 0.700926 0.047917 0.07037
0 0.027083 0.349074 0.032292 0.044444
0 0.227604 0.675 0.030208 0.051852
1 0.145313 0.112037 0.053646 0.087963
0 0.372396 0.593519 0.044792 0.069444
0 0.397917 0.392593 0.036458 0.059259
1 0.558854 0.686111 0.041146 0.07037
0 0.544792 0.19537 0.027083 0.049074
0 0.782813 0.837037 0.048958 0.083333
0 0.707812 0.20463 0.023958 0.047222
2 0.948438 0.47963 0.051042 0.027778