1 0.105729 0.937963 0.038542 0.063889
0 0.110417 0.491667 0.034375 0.050926
0 0.116667 0.060185 0.033854 0.053704
0 0.265625 0.933333 0.032813 0.061111
0 0.259896 0.494444 0.029687 0.05463
0 0.258854 0.059259 0.026562 0.046296
0 0.408333 0.932407 0.028125 0.057407
1 0.407813 0.492593 0.032292 0.059259
0 0.413021 0.062963 0.031771 0.061111
0 0.55625 0.931481 0.022917 0.04537
0 0.564583 0.49537 0.032813 0.060185
0 0.559896 0.064815 0.028646 0.05463
0 0.708333 0.934259 0.035937 0.066667
0 0.70625 0.49537 0.028125 0.051852
1 0.70625 0.063889 0.036458 0.064815
0 0.033854 0.703704 0.048438 0.07037
0 0.026042 0.351852 0.032292 0.044444
0 0.228646 0.675926 0.031771 0.05
1 0.145313 0.113889 0.053646 0.091667
0 0.371354 0.59537 0.04375 0.066667
0 0.398438 0.392593 0.035937 0.061111
1 0.558854 0.688889 0.040625 0.075
0 0.545312 0.19537 0.027604 0.051852
0 0.783854 0.838889 0.05 0.086111
0 0.707812 0.203704 0.025 0.047222
2 0.948958 0.47963 0.050521 0.026852