1 0.105729 0.936111 0.039583 0.064815
0 0.110417 0.490741 0.033854 0.048148
0 0.115625 0.059259 0.031771 0.053704
0 0.265104 0.932407 0.033854 0.060185
0 0.259896 0.494444 0.030208 0.05463
0 0.258333 0.057407 0.026042 0.048148
0 0.407813 0.931481 0.027083 0.059259
1 0.407813 0.493519 0.032813 0.060185
0 0.413021 0.063889 0.031771 0.061111
0 0.55625 0.932407 0.022917 0.04537
0 0.564583 0.494444 0.032813 0.061111
0 0.559896 0.064815 0.028125 0.05463
0 0.708333 0.934259 0.036458 0.065741
0 0.70625 0.496296 0.028646 0.051852
1 0.707292 0.064815 0.034896 0.063889
0 0.033854 0.703704 0.048438 0.068519
0 0.026562 0.351852 0.032292 0.04537
0 0.228646 0.676852 0.031771 0.052778
1 0.145313 0.113889 0.055208 0.090741
0 0.372396 0.596296 0.044271 0.069444
0 0.397917 0.393519 0.036979 0.060185
1 0.559375 0.688889 0.040625 0.075
0 0.545312 0.19537 0.026562 0.050926
0 0.783854 0.838889 0.049479 0.086111
0 0.708854 0.203704 0.025521 0.047222
2 0.948438 0.47963 0.052083 0.026852