1 0.102604 0.934259 0.039583 0.062037
0 0.110417 0.491667 0.033854 0.04537
0 0.119271 0.057407 0.031771 0.052778
0 0.265625 0.931481 0.031771 0.060185
0 0.259375 0.058333 0.026562 0.044444
0 0.407813 0.930556 0.026562 0.058333
0 0.413542 0.062963 0.03125 0.061111
1 0.408333 0.492593 0.032813 0.058333
0 0.555729 0.92963 0.022917 0.044444
0 0.564063 0.493519 0.033854 0.060185
0 0.560417 0.064815 0.029167 0.053704
0 0.708333 0.934259 0.036458 0.065741
0 0.706771 0.496296 0.028646 0.050926
0 0.031771 0.701852 0.047396 0.069444
1 0.707292 0.064815 0.034896 0.063889
0 0.027083 0.349074 0.03125 0.044444
0 0.227604 0.674074 0.030208 0.051852
0 0.259896 0.493519 0.029167 0.05463
1 0.145313 0.112037 0.053125 0.089815
0 0.372396 0.593519 0.04375 0.068519
0 0.397917 0.392593 0.035417 0.058333
1 0.559375 0.687037 0.040104 0.074074
0 0.544792 0.19537 0.027083 0.048148
0 0.782813 0.837037 0.048958 0.085185
0 0.708333 0.203704 0.025 0.04537
2 0.948958 0.47963 0.05 0.02963