1 0.102604 0.935185 0.039583 0.063889
0 0.110417 0.490741 0.033854 0.046296
0 0.119271 0.057407 0.031771 0.052778
0 0.265625 0.931481 0.032813 0.060185
0 0.259896 0.493519 0.029687 0.05463
0 0.259375 0.059259 0.026562 0.04537
0 0.407813 0.930556 0.027083 0.059259
1 0.407813 0.492593 0.032813 0.060185
0 0.413542 0.062963 0.032292 0.061111
0 0.555729 0.930556 0.022917 0.044444
0 0.564063 0.493519 0.033333 0.061111
0 0.559896 0.065741 0.028125 0.052778
0 0.707812 0.934259 0.036458 0.064815
0 0.70625 0.496296 0.028646 0.050926
1 0.707292 0.064815 0.034375 0.061111
0 0.03125 0.701852 0.045833 0.067593
0 0.027083 0.35 0.031771 0.043519
0 0.227604 0.675 0.029167 0.05
1 0.145313 0.112037 0.052604 0.087963
0 0.371875 0.593519 0.045312 0.068519
0 0.397917 0.392593 0.034896 0.059259
1 0.558854 0.687037 0.041667 0.072222
0 0.544271 0.194444 0.026042 0.047222
0 0.782813 0.837037 0.048958 0.083333
0 0.708333 0.202778 0.024479 0.044444
2 0.948438 0.47963 0.052083 0.028704