1 0.10625 0.937037 0.039062 0.062963
0 0.110417 0.491667 0.032813 0.046296
0 0.115104 0.058333 0.03125 0.053704
0 0.265104 0.933333 0.032813 0.062037
0 0.259375 0.494444 0.030208 0.055556
0 0.258854 0.059259 0.027083 0.048148
0 0.408333 0.932407 0.028125 0.056481
1 0.408333 0.492593 0.032813 0.061111
0 0.413021 0.063889 0.03125 0.060185
0 0.55625 0.930556 0.022396 0.044444
0 0.564583 0.494444 0.032813 0.059259
0 0.559896 0.064815 0.028125 0.05463
0 0.708854 0.934259 0.035937 0.064815
0 0.706771 0.496296 0.028646 0.052778
1 0.707292 0.064815 0.036458 0.066667
0 0.033854 0.703704 0.048438 0.07037
0 0.026042 0.352778 0.030729 0.046296
0 0.228125 0.676852 0.029687 0.051852
1 0.145313 0.113889 0.054167 0.089815
0 0.371875 0.59537 0.04375 0.068519
0 0.397396 0.392593 0.036979 0.059259
1 0.559375 0.688889 0.040625 0.075926
0 0.545312 0.19537 0.026042 0.05
0 0.783333 0.838889 0.049479 0.086111
0 0.707812 0.203704 0.025 0.046296
2 0.948958 0.480556 0.051562 0.026852