1 0.10625 0.937037 0.039062 0.063889
0 0.110417 0.491667 0.032813 0.047222
0 0.115625 0.059259 0.032292 0.052778
0 0.265625 0.933333 0.032813 0.060185
0 0.259896 0.494444 0.030208 0.05463
0 0.258854 0.058333 0.027604 0.05
0 0.408333 0.933333 0.027083 0.058333
1 0.407813 0.493519 0.032292 0.059259
0 0.4125 0.062963 0.032292 0.062037
0 0.55625 0.930556 0.022917 0.044444
0 0.564583 0.494444 0.033333 0.058333
0 0.559896 0.064815 0.028125 0.055556
0 0.709375 0.934259 0.035937 0.065741
0 0.706771 0.49537 0.027604 0.05
1 0.706771 0.064815 0.035417 0.064815
0 0.033333 0.703704 0.047917 0.071296
0 0.026042 0.352778 0.032292 0.04537
0 0.228125 0.676852 0.030729 0.052778
1 0.145313 0.113889 0.054167 0.089815
0 0.371354 0.59537 0.044792 0.067593
0 0.397396 0.393519 0.036458 0.061111
1 0.559896 0.688889 0.041146 0.075
0 0.545312 0.196296 0.026562 0.050926
0 0.783333 0.837963 0.05 0.086111
0 0.708854 0.20463 0.026042 0.048148
2 0.948958 0.47963 0.051562 0.026852