1 0.102604 0.934259 0.039583 0.063889
0 0.110417 0.492593 0.034375 0.04537
0 0.119271 0.058333 0.031771 0.051852
0 0.265625 0.930556 0.033854 0.059259
0 0.259896 0.493519 0.029167 0.052778
0 0.259896 0.058333 0.026562 0.04537
0 0.407813 0.931481 0.026562 0.058333
1 0.407813 0.492593 0.032292 0.058333
0 0.413542 0.062963 0.031771 0.059259
0 0.55625 0.92963 0.022396 0.044444
0 0.564583 0.494444 0.032813 0.060185
0 0.560937 0.065741 0.028646 0.052778
0 0.707812 0.933333 0.0375 0.064815
0 0.706771 0.49537 0.029687 0.05
1 0.707292 0.064815 0.035417 0.061111
0 0.032292 0.701852 0.047917 0.069444
0 0.027083 0.35 0.032292 0.046296
0 0.228125 0.675 0.030729 0.051852
1 0.146354 0.112037 0.053646 0.088889
0 0.371875 0.593519 0.045312 0.065741
0 0.397917 0.392593 0.036458 0.058333
1 0.558854 0.687037 0.040625 0.073148
0 0.544792 0.194444 0.026562 0.047222
0 0.783333 0.837037 0.048438 0.083333
0 0.707812 0.203704 0.025 0.04537
2 0.949479 0.47963 0.050521 0.026852